# Average monomer weight: 200
# Computed avg degree of polymerization 18.7
# All outputs are in units of monomer wt units
# Simulated/Experimental Mn: 3740, 3919.73
# Simulated/Experimental Mw: 14128.7, 14517.4
# Simulated/Experimental Mz: 29300, 63143.4
molwt	pMW	cMW	wMW	wlogMW
409	0	-0	0	0
417	0	0	0	0
425	0	0	0	0
433	0	0	0	0
441	0	0	0	0
449	0	0	0	0
457	0	0	0	0
466	0	0	0	0
474	0	0	0	0
483	4.71518e-10	0	2.27743e-07	0.00011
492	6.36195e-09	3.61246e-06	3.13008e-06	0.00154
501	1.46215e-08	5.5966e-05	7.32535e-06	0.00367
511	2.33608e-08	0.000216727	1.19374e-05	0.0061
520	3.26183e-08	0.000540055	1.69615e-05	0.00882
530	4.23638e-08	0.00096893	2.24528e-05	0.0119
540	5.24691e-08	0.00160722	2.83333e-05	0.0153
550	6.21488e-08	0.0024145	3.41818e-05	0.0188
560	7.11097e-08	0.00339019	3.98214e-05	0.0223
570	7.97168e-08	0.00452457	4.54386e-05	0.0259
581	8.76879e-08	0.00580849	5.09466e-05	0.0296
591	9.5625e-08	0.00737605	5.65144e-05	0.0334
602	1.032e-07	0.00893651	6.21262e-05	0.0374
614	1.09815e-07	0.0107983	6.74267e-05	0.0414
625	1.16992e-07	0.0129743	7.312e-05	0.0457
637	1.23469e-07	0.015098	7.86499e-05	0.0501
648	1.29792e-07	0.0175544	8.41049e-05	0.0545
660	1.35904e-07	0.0199259	8.9697e-05	0.0592
673	1.41523e-07	0.02264	9.52452e-05	0.0641
685	1.47903e-07	0.0257101	0.000101314	0.0694
698	1.5394e-07	0.0286666	0.00010745	0.075
711	1.60033e-07	0.032007	0.000113783	0.0809
724	1.66166e-07	0.0354815	0.000120304	0.0871
738	1.72223e-07	0.0390913	0.0001271	0.0938
751	1.79078e-07	0.0431241	0.000134487	0.101
765	1.84544e-07	0.0470117	0.000141176	0.108
779	1.91154e-07	0.0513452	0.000148909	0.116
794	1.96689e-07	0.0558227	0.000156171	0.124
809	2.01687e-07	0.060775	0.000163164	0.132
824	2.06193e-07	0.0658618	0.000169903	0.14
839	2.11671e-07	0.07107	0.000177592	0.149
854	2.16641e-07	0.0764057	0.000185012	0.158
870	2.20637e-07	0.0818747	0.000191954	0.167
886	2.25479e-07	0.0878305	0.000199774	0.177
903	2.28106e-07	0.0939067	0.00020598	0.186
920	2.31569e-07	0.100471	0.000213043	0.196
937	2.34632e-07	0.107123	0.000219851	0.206
954	2.36234e-07	0.113869	0.000225367	0.215
972	2.3815e-07	0.120684	0.000231481	0.225
990	2.39771e-07	0.127952	0.000237374	0.235
1010	2.40173e-07	0.135275	0.000242574	0.245
1030	2.40362e-07	0.143447	0.000247573	0.255
1050	2.39456e-07	0.151628	0.000251429	0.264
1070	2.38449e-07	0.159797	0.00025514	0.273
1090	2.38195e-07	0.167933	0.000259633	0.283
1110	2.36182e-07	0.176048	0.000262162	0.291
1130	2.34944e-07	0.184124	0.000265487	0.3
1150	2.32892e-07	0.192145	0.000267826	0.308
1170	2.30842e-07	0.20011	0.000270085	0.316
1190	2.28797e-07	0.208006	0.000272269	0.324
1210	2.26077e-07	0.215831	0.000273554	0.331
1230	2.23412e-07	0.223575	0.000274797	0.338
1260	2.17309e-07	0.231228	0.00027381	0.345
1280	2.14844e-07	0.242483	0.000275	0.352
1300	2.11834e-07	0.249841	0.000275385	0.358
1330	2.06343e-07	0.257105	0.000274436	0.365
1350	2.03567e-07	0.267784	0.000274815	0.371
1380	1.97963e-07	0.274763	0.000273188	0.377
1400	1.95408e-07	0.285017	0.000273571	0.383
1430	1.90229e-07	0.291714	0.000272028	0.389
1460	1.85307e-07	0.301563	0.000270548	0.395
1480	1.83072e-07	0.311153	0.000270946	0.401
1510	1.78501e-07	0.317425	0.000269536	0.407
1540	1.74144e-07	0.326658	0.000268182	0.413
1570	1.70392e-07	0.335664	0.000267516	0.42
1600	1.66406e-07	0.344463	0.00026625	0.426
1630	1.62972e-07	0.353064	0.000265644	0.433
1660	1.59675e-07	0.361476	0.00026506	0.44
1690	1.56857e-07	0.369715	0.000265089	0.448
1720	1.53799e-07	0.377799	0.000264535	0.455
1750	1.51184e-07	0.385732	0.000264571	0.463
1780	1.48655e-07	0.393521	0.000264607	0.471
1820	1.44608e-07	0.401178	0.000263187	0.479
1850	1.42586e-07	0.411164	0.000263784	0.488
1880	1.40618e-07	0.418498	0.000264362	0.497
1920	1.37261e-07	0.425731	0.000263542	0.506
1950	1.35437e-07	0.435192	0.000264103	0.515
1990	1.32572e-07	0.442157	0.000263819	0.525
2030	1.29826e-07	0.451282	0.000263547	0.535
2070	1.27191e-07	0.460217	0.000263285	0.545
2100	1.2585e-07	0.468969	0.000264286	0.555
2140	1.23373e-07	0.475431	0.000264019	0.565
2180	1.20991e-07	0.483917	0.000263761	0.575
2220	1.187e-07	0.492238	0.000263514	0.585
2260	1.16493e-07	0.500399	0.000263274	0.595
2310	1.13379e-07	0.508408	0.000261905	0.605
2350	1.11363e-07	0.518192	0.000261702	0.615
2390	1.09417e-07	0.525844	0.000261506	0.625
2440	1.06658e-07	0.533362	0.000260246	0.635
2480	1.04871e-07	0.542559	0.000260081	0.645
2530	1.02173e-07	0.549761	0.000258498	0.654
2580	9.96034e-08	0.558574	0.000256977	0.663
2620	9.78964e-08	0.567162	0.000256489	0.672
2670	9.53864e-08	0.573887	0.000254682	0.68
2720	9.29931e-08	0.582114	0.000252941	0.688
2770	9.07089e-08	0.590132	0.000251264	0.696
2820	8.85267e-08	0.59795	0.000249645	0.704
2880	8.57205e-08	0.605579	0.000246875	0.711
2930	8.36352e-08	0.614479	0.000245051	0.718
2980	8.15279e-08	0.621687	0.000242953	0.724
3040	7.89907e-08	0.628717	0.000240132	0.73
3100	7.65869e-08	0.636916	0.000237419	0.736
3150	7.46788e-08	0.644862	0.000235238	0.741
3210	7.23984e-08	0.6513	0.000232399	0.746
3270	7.02335e-08	0.658812	0.000229664	0.751
3330	6.80861e-08	0.666097	0.000226727	0.755
3390	6.60454e-08	0.673162	0.000223894	0.759
3460	6.36506e-08	0.680013	0.000220231	0.762
3520	6.17413e-08	0.687741	0.00021733	0.765
3590	5.95899e-08	0.694146	0.000213928	0.768
3650	5.7872e-08	0.701376	0.000211233	0.771
3720	5.58591e-08	0.707375	0.000207796	0.773
3790	5.3954e-08	0.714152	0.000204485	0.775
3860	5.21491e-08	0.720696	0.000201295	0.777
3930	5.03726e-08	0.727018	0.000197964	0.778
4000	4.86875e-08	0.733127	0.00019475	0.779
4080	4.6857e-08	0.73903	0.000191176	0.78
4150	4.53477e-08	0.745537	0.000188193	0.781
4230	4.36486e-08	0.751031	0.000184634	0.781
4310	4.20971e-08	0.757092	0.000181439	0.782
4390	4.05768e-08	0.762931	0.000178132	0.782
4470	3.91374e-08	0.768561	0.000174944	0.782
4550	3.77732e-08	0.77399	0.000171868	0.782
4640	3.62756e-08	0.779227	0.000168319	0.781
4720	3.50564e-08	0.784901	0.000165466	0.781
4810	3.37135e-08	0.789758	0.000162162	0.78
4900	3.24448e-08	0.795027	0.00015898	0.779
4990	3.12449e-08	0.800096	0.000155912	0.778
5090	2.99906e-08	0.804975	0.000152652	0.777
5180	2.89203e-08	0.810188	0.000149807	0.776
5280	2.77634e-08	0.814701	0.000146591	0.774
5370	2.68059e-08	0.819526	0.000143948	0.773
5470	2.57679e-08	0.823707	0.000140951	0.771
5580	2.46978e-08	0.828183	0.000137814	0.769
5680	2.37738e-08	0.832908	0.000135035	0.767
5780	2.28984e-08	0.837034	0.000132353	0.765
5890	2.19935e-08	0.841007	0.000129542	0.763
6000	2.11389e-08	0.845211	0.000126833	0.761
6110	2.03042e-08	0.84925	0.000124059	0.758
6230	1.94781e-08	0.85313	0.000121348	0.756
6340	1.87334e-08	0.857194	0.00011877	0.753
6460	1.7972e-08	0.860772	0.000116099	0.75
6580	1.72532e-08	0.864522	0.000113526	0.747
6700	1.65738e-08	0.86812	0.000111045	0.744
6820	1.59312e-08	0.871576	0.000108651	0.741
6950	1.52787e-08	0.874896	0.000106187	0.738
7080	1.46629e-08	0.87835	0.000103814	0.735
7210	1.40812e-08	0.881663	0.000101526	0.732
7350	1.34759e-08	0.884844	9.90476e-05	0.728
7480	1.29579e-08	0.888128	9.69251e-05	0.725
7620	1.24172e-08	0.891054	9.46194e-05	0.721
7760	1.19068e-08	0.894078	9.23969e-05	0.717
7910	1.13956e-08	0.896977	9.01391e-05	0.713
8050	1.09409e-08	0.899952	8.80745e-05	0.709
8200	1.04848e-08	0.902614	8.59756e-05	0.705
8350	1.00541e-08	0.90535	8.39521e-05	0.701
8510	9.6244e-09	0.907972	8.19036e-05	0.697
8670	9.21924e-09	0.910653	7.99308e-05	0.693
8830	8.83686e-09	0.913219	7.80294e-05	0.689
8990	8.46324e-09	0.915679	7.60845e-05	0.684
9160	8.10435e-09	0.918035	7.42358e-05	0.68
9330	7.75426e-09	0.920432	7.23473e-05	0.675
9500	7.4349e-09	0.922727	7.06316e-05	0.671
9680	7.10761e-09	0.924925	6.88017e-05	0.666
9860	6.79904e-09	0.927154	6.70385e-05	0.661
10000	6.57e-09	0.929285	6.57e-05	0.657
10200	6.26682e-09	0.930878	6.39216e-05	0.652
10400	5.98188e-09	0.933063	6.22115e-05	0.647
10600	5.71378e-09	0.935149	6.0566e-05	0.642
10800	5.46125e-09	0.93714	5.89815e-05	0.637
11000	5.22314e-09	0.939043	5.74545e-05	0.632
11200	4.99841e-09	0.940862	5.59821e-05	0.627
11400	4.78609e-09	0.942602	5.45614e-05	0.622
11600	4.58532e-09	0.944268	5.31897e-05	0.617
11800	4.39529e-09	0.945863	5.18644e-05	0.612
12100	4.14589e-09	0.947392	5.01653e-05	0.607
12300	3.97911e-09	0.949573	4.89431e-05	0.602
12500	3.8208e-09	0.950957	4.776e-05	0.597
12800	3.60718e-09	0.952285	4.61719e-05	0.591
13000	3.46746e-09	0.954181	4.50769e-05	0.586
13200	3.33448e-09	0.955386	4.40152e-05	0.581
13500	3.16049e-09	0.956544	4.26667e-05	0.576
13700	3.03692e-09	0.958203	4.16058e-05	0.57
14000	2.88265e-09	0.959258	4.03571e-05	0.565
14200	2.77723e-09	0.96077	3.94366e-05	0.56
14500	2.63971e-09	0.961733	3.82759e-05	0.555
14800	2.50639e-09	0.963116	3.70946e-05	0.549
15000	2.41778e-09	0.964431	3.62667e-05	0.544
15300	2.30253e-09	0.965269	3.52288e-05	0.539
15600	2.19428e-09	0.966475	3.42308e-05	0.534
15900	2.08852e-09	0.967623	3.32075e-05	0.528
16200	1.99284e-09	0.968717	3.2284e-05	0.523
16500	1.90266e-09	0.969759	3.13939e-05	0.518
16800	1.81406e-09	0.970754	3.04762e-05	0.512
17100	1.73387e-09	0.971703	2.96491e-05	0.507
17400	1.65808e-09	0.972609	2.88506e-05	0.502
17800	1.56862e-09	0.973475	2.79213e-05	0.497
18100	1.49873e-09	0.974574	2.71271e-05	0.491
18400	1.43549e-09	0.975357	2.6413e-05	0.486
18800	1.36091e-09	0.976107	2.55851e-05	0.481
19100	1.30479e-09	0.977059	2.49215e-05	0.476
19500	1.23603e-09	0.97774	2.41026e-05	0.47
19800	1.1861e-09	0.978605	2.34848e-05	0.465
20200	1.12734e-09	0.979223	2.27723e-05	0.46
20600	1.06985e-09	0.980011	2.20388e-05	0.454
21000	1.01814e-09	0.980759	2.1381e-05	0.449
21300	9.76438e-10	0.98147	2.07981e-05	0.443
21700	9.2803e-10	0.981979	2.01382e-05	0.437
22100	8.84503e-10	0.982628	1.95475e-05	0.432
22600	8.34051e-10	0.983245	1.88496e-05	0.426
23000	7.95841e-10	0.983977	1.83043e-05	0.421
23400	7.57908e-10	0.984532	1.7735e-05	0.415
23800	7.23819e-10	0.985061	1.72269e-05	0.41
24300	6.84178e-10	0.985565	1.66255e-05	0.404
24700	6.54002e-10	0.986164	1.61538e-05	0.399
25200	6.18859e-10	0.98662	1.55952e-05	0.393
25700	5.85929e-10	0.987162	1.50584e-05	0.387
26100	5.60767e-10	0.987675	1.4636e-05	0.382
26600	5.31404e-10	0.988065	1.41353e-05	0.376
27100	5.03806e-10	0.98853	1.36531e-05	0.37
27600	4.79154e-10	0.988971	1.32246e-05	0.365
28100	4.54655e-10	0.989389	1.27758e-05	0.359
28600	4.31561e-10	0.989786	1.23427e-05	0.353
29200	4.06971e-10	0.990164	1.18836e-05	0.347
29700	3.86582e-10	0.990592	1.14815e-05	0.341
30300	3.65977e-10	0.99093	1.10891e-05	0.336
30800	3.47866e-10	0.991314	1.07143e-05	0.33
31400	3.28614e-10	0.991618	1.03185e-05	0.324
32000	3.10547e-10	0.991963	9.9375e-06	0.318
32600	2.94516e-10	0.99229	9.60123e-06	0.313
33200	2.78524e-10	0.992599	9.24699e-06	0.307
33800	2.63471e-10	0.992892	8.90533e-06	0.301
34400	2.50135e-10	0.993168	8.60465e-06	0.296
35100	2.35388e-10	0.993431	8.26211e-06	0.29
35700	2.22834e-10	0.99372	7.95518e-06	0.284
36400	2.10572e-10	0.993954	7.66484e-06	0.279
37100	1.98342e-10	0.994212	7.35849e-06	0.273
37700	1.88561e-10	0.994456	7.10875e-06	0.268
38400	1.7768e-10	0.994654	6.82292e-06	0.262
39200	1.67248e-10	0.994872	6.55612e-06	0.257
39900	1.5829e-10	0.995107	6.31579e-06	0.252
40600	1.49846e-10	0.995301	6.08374e-06	0.247
41400	1.4061e-10	0.995484	5.82126e-06	0.241
42100	1.33152e-10	0.995682	5.6057e-06	0.236
42900	1.25516e-10	0.995845	5.38462e-06	0.231
43700	1.18344e-10	0.996021	5.17162e-06	0.226
44500	1.12107e-10	0.996187	4.98876e-06	0.222
45400	1.05281e-10	0.996344	4.77974e-06	0.217
46200	9.93235e-11	0.996511	4.58874e-06	0.212
47100	9.37608e-11	0.99665	4.41614e-06	0.208
47900	8.84759e-11	0.996798	4.238e-06	0.203
48800	8.35629e-11	0.996922	4.07787e-06	0.199
49700	7.85396e-11	0.997054	3.90342e-06	0.194
50600	7.42083e-11	0.997178	3.75494e-06	0.19
51600	6.98576e-11	0.997295	3.60465e-06	0.186
52500	6.60317e-11	0.997418	3.46667e-06	0.182
53500	6.21888e-11	0.997522	3.3271e-06	0.178
54500	5.85809e-11	0.997631	3.19266e-06	0.174
55500	5.51903e-11	0.997734	3.06306e-06	0.17
56600	5.18174e-11	0.997831	2.93286e-06	0.166
57600	4.91295e-11	0.997931	2.82986e-06	0.163
58700	4.61446e-11	0.998017	2.70869e-06	0.159
59800	4.36237e-11	0.998106	2.6087e-06	0.156
60900	4.09835e-11	0.99819	2.49589e-06	0.152
62000	3.87617e-11	0.99827	2.40323e-06	0.149
63200	3.65526e-11	0.998344	2.31013e-06	0.146
64300	3.43452e-11	0.998421	2.2084e-06	0.142
65500	3.2399e-11	0.998488	2.12214e-06	0.139
66700	3.05694e-11	0.998556	2.03898e-06	0.136
68000	2.8763e-11	0.99862	1.95588e-06	0.133
69200	2.71476e-11	0.998686	1.87861e-06	0.13
70500	2.5552e-11	0.998743	1.80142e-06	0.127
71800	2.40532e-11	0.998801	1.72702e-06	0.124
73200	2.27687e-11	0.998856	1.66667e-06	0.122
74500	2.14405e-11	0.998912	1.59732e-06	0.119
75900	2.01361e-11	0.998961	1.52833e-06	0.116
77300	1.90786e-11	0.99901	1.47477e-06	0.114
78700	1.79215e-11	0.999057	1.41042e-06	0.111
80200	1.67909e-11	0.999101	1.34663e-06	0.108
81700	1.58804e-11	0.999145	1.29743e-06	0.106
83200	1.48796e-11	0.999187	1.23798e-06	0.103
84800	1.39062e-11	0.999226	1.17925e-06	0.1
86300	1.3145e-11	0.999266	1.13441e-06	0.0979
87900	1.23473e-11	0.9993	1.08532e-06	0.0954
89600	1.15842e-11	0.999335	1.03795e-06	0.093
91200	1.08808e-11	0.99937	9.92325e-07	0.0905
92900	1.02081e-11	0.9994	9.48332e-07	0.0881
94600	9.57632e-12	0.999431	9.0592e-07	0.0857
96400	8.96377e-12	0.999459	8.64108e-07	0.0833
98200	8.39967e-12	0.999488	8.24847e-07	0.081
100000	7.86e-12	0.999514	7.86e-07	0.0786
102000	7.34333e-12	0.999539	7.4902e-07	0.0764
104000	6.85096e-12	0.999565	7.125e-07	0.0741
106000	6.39907e-12	0.999589	6.78302e-07	0.0719
108000	5.97565e-12	0.999612	6.4537e-07	0.0697
110000	5.57851e-12	0.999633	6.13636e-07	0.0675
112000	5.21365e-12	0.999653	5.83929e-07	0.0654
114000	4.87073e-12	0.999671	5.55263e-07	0.0633
116000	4.55559e-12	0.999688	5.28448e-07	0.0613
118000	4.25883e-12	0.999704	5.02542e-07	0.0593
120000	3.97917e-12	0.999719	4.775e-07	0.0573
122000	3.72212e-12	0.999733	4.54098e-07	0.0554
125000	3.424e-12	0.999746	4.28e-07	0.0535
127000	3.20541e-12	0.999765	4.07087e-07	0.0517
129000	2.99261e-12	0.999776	3.86047e-07	0.0498
132000	2.75482e-12	0.999786	3.63636e-07	0.048
134000	2.57296e-12	0.999801	3.44776e-07	0.0462
137000	2.37626e-12	0.99981	3.25547e-07	0.0446
139000	2.22038e-12	0.999823	3.08633e-07	0.0429
142000	2.05316e-12	0.999831	2.91549e-07	0.0414
144000	1.92419e-12	0.999842	2.77083e-07	0.0399
147000	1.78167e-12	0.999848	2.61905e-07	0.0385
150000	1.64444e-12	0.999858	2.46667e-07	0.037
153000	1.52505e-12	0.999867	2.33333e-07	0.0357
155000	1.43184e-12	0.999875	2.21935e-07	0.0344
158000	1.32591e-12	0.99988	2.09494e-07	0.0331
161000	1.23066e-12	0.999887	1.98137e-07	0.0319
164000	1.14515e-12	0.999893	1.87805e-07	0.0308
167000	1.06135e-12	0.999899	1.77246e-07	0.0296
170000	9.89619e-13	0.999905	1.68235e-07	0.0286
174000	9.0831e-13	0.99991	1.58046e-07	0.0275
177000	8.45862e-13	0.999917	1.49718e-07	0.0265
180000	7.87037e-13	0.999921	1.41667e-07	0.0255
183000	7.3457e-13	0.999925	1.34426e-07	0.0246
187000	6.77743e-13	0.999929	1.26738e-07	0.0237
190000	6.31579e-13	0.999934	1.2e-07	0.0228
194000	5.84547e-13	0.999937	1.13402e-07	0.022
197000	5.46265e-13	0.999941	1.07614e-07	0.0212
201000	5.07413e-13	0.999944	1.0199e-07	0.0205
205000	4.71148e-13	0.999948	9.65854e-08	0.0198
209000	4.34972e-13	0.999951	9.09091e-08	0.019
213000	4.03359e-13	0.999954	8.59155e-08	0.0183
217000	3.75884e-13	0.999957	8.15668e-08	0.0177
221000	3.48068e-13	0.99996	7.69231e-08	0.017
225000	3.23951e-13	0.999962	7.28889e-08	0.0164
229000	3.01291e-13	0.999965	6.89956e-08	0.0158
233000	2.79983e-13	0.999967	6.52361e-08	0.0152
237000	2.6171e-13	0.999969	6.20253e-08	0.0147
242000	2.40762e-13	0.999971	5.82645e-08	0.0141
246000	2.24734e-13	0.999973	5.52846e-08	0.0136
251000	2.07933e-13	0.999974	5.21912e-08	0.0131
255000	1.93772e-13	0.999976	4.94118e-08	0.0126
260000	1.78994e-13	0.999977	4.65385e-08	0.0121
265000	1.66607e-13	0.999979	4.41509e-08	0.0117
270000	1.53635e-13	0.999981	4.14815e-08	0.0112
275000	1.4281e-13	0.999982	3.92727e-08	0.0108
280000	1.32653e-13	0.999983	3.71429e-08	0.0104
285000	1.22745e-13	0.999984	3.49825e-08	0.00997
291000	1.13012e-13	0.999985	3.28866e-08	0.00957
296000	1.04661e-13	0.999987	3.09797e-08	0.00917
301000	9.71292e-14	0.999988	2.92359e-08	0.0088
307000	8.955e-14	0.999988	2.74919e-08	0.00844
313000	8.24751e-14	0.999989	2.58147e-08	0.00808
319000	7.62571e-14	0.99999	2.4326e-08	0.00776
324000	7.08733e-14	0.999991	2.2963e-08	0.00744
330000	6.52893e-14	0.999992	2.15455e-08	0.00711
337000	5.96994e-14	0.999992	2.01187e-08	0.00678
343000	5.49091e-14	0.999993	1.88338e-08	0.00646
349000	5.04101e-14	0.999994	1.75931e-08	0.00614
356000	4.608e-14	0.999994	1.64045e-08	0.00584
362000	4.22759e-14	0.999995	1.53039e-08	0.00554
369000	3.87042e-14	0.999995	1.42818e-08	0.00527
376000	3.52959e-14	0.999996	1.32713e-08	0.00499
383000	3.21769e-14	0.999996	1.23238e-08	0.00472
390000	2.91913e-14	0.999997	1.13846e-08	0.00444
397000	2.64579e-14	0.999997	1.05038e-08	0.00417
405000	2.38988e-14	0.999997	9.67901e-09	0.00392
412000	2.16208e-14	0.999998	8.90777e-09	0.00367
420000	1.95011e-14	0.999998	8.19048e-09	0.00344
428000	1.74688e-14	0.999998	7.47664e-09	0.0032
435000	1.56428e-14	0.999998	6.8046e-09	0.00296
444000	1.3899e-14	0.999999	6.17117e-09	0.00274
452000	1.23346e-14	0.999999	5.57522e-09	0.00252
460000	1.08223e-14	0.999999	4.97826e-09	0.00229
469000	9.41076e-15	0.999999	4.41365e-09	0.00207
477000	8.13083e-15	0.999999	3.87841e-09	0.00185
486000	6.94339e-15	0.999999	3.37449e-09	0.00164
495000	5.83614e-15	1	2.88889e-09	0.00143
504000	4.84221e-15	1	2.44048e-09	0.00123
514000	3.89862e-15	1	2.00389e-09	0.00103
523000	3.0271e-15	1	1.58317e-09	0.000828
533000	2.14721e-15	1	1.14447e-09	0.00061
543000	1.34984e-15	1	7.32965e-10	0.000398
553000	6.18033e-16	1	3.41772e-10	0.000189
