molwt	wlogmw
4.09E+02	0.00E+00
4.17E+02	0.00E+00
4.25E+02	0.00E+00
4.33E+02	0.00E+00
4.41E+02	0.00E+00
4.49E+02	0.00E+00
4.57E+02	0.00E+00
4.66E+02	0.00E+00
4.74E+02	0.00E+00
4.83E+02	1.10E-04
4.92E+02	1.54E-03
5.01E+02	3.67E-03
5.11E+02	6.10E-03
5.20E+02	8.82E-03
5.30E+02	1.19E-02
5.40E+02	1.53E-02
5.50E+02	1.88E-02
5.60E+02	2.23E-02
5.70E+02	2.59E-02
5.81E+02	2.96E-02
5.91E+02	3.34E-02
6.02E+02	3.74E-02
6.14E+02	4.14E-02
6.25E+02	4.57E-02
6.37E+02	5.01E-02
6.48E+02	5.45E-02
6.60E+02	5.92E-02
6.73E+02	6.41E-02
6.85E+02	6.94E-02
6.98E+02	7.50E-02
7.11E+02	8.09E-02
7.24E+02	8.71E-02
7.38E+02	9.38E-02
7.51E+02	1.01E-01
7.65E+02	1.08E-01
7.79E+02	1.16E-01
7.94E+02	1.24E-01
8.09E+02	1.32E-01
8.24E+02	1.40E-01
8.39E+02	1.49E-01
8.54E+02	1.58E-01
8.70E+02	1.67E-01
8.86E+02	1.77E-01
9.03E+02	1.86E-01
9.20E+02	1.96E-01
9.37E+02	2.06E-01
9.54E+02	2.15E-01
9.72E+02	2.25E-01
9.90E+02	2.35E-01
1.01E+03	2.45E-01
1.03E+03	2.55E-01
1.05E+03	2.64E-01
1.07E+03	2.73E-01
1.09E+03	2.83E-01
1.11E+03	2.91E-01
1.13E+03	3.00E-01
1.15E+03	3.08E-01
1.17E+03	3.16E-01
1.19E+03	3.24E-01
1.21E+03	3.31E-01
1.23E+03	3.38E-01
1.26E+03	3.45E-01
1.28E+03	3.52E-01
1.30E+03	3.58E-01
1.33E+03	3.65E-01
1.35E+03	3.71E-01
1.38E+03	3.77E-01
1.40E+03	3.83E-01
1.43E+03	3.89E-01
1.46E+03	3.95E-01
1.48E+03	4.01E-01
1.51E+03	4.07E-01
1.54E+03	4.13E-01
1.57E+03	4.20E-01
1.60E+03	4.26E-01
1.63E+03	4.33E-01
1.66E+03	4.40E-01
1.69E+03	4.48E-01
1.72E+03	4.55E-01
1.75E+03	4.63E-01
1.78E+03	4.71E-01
1.82E+03	4.79E-01
1.85E+03	4.88E-01
1.88E+03	4.97E-01
1.92E+03	5.06E-01
1.95E+03	5.15E-01
1.99E+03	5.25E-01
2.03E+03	5.35E-01
2.07E+03	5.45E-01
2.10E+03	5.55E-01
2.14E+03	5.65E-01
2.18E+03	5.75E-01
2.22E+03	5.85E-01
2.26E+03	5.95E-01
2.31E+03	6.05E-01
2.35E+03	6.15E-01
2.39E+03	6.25E-01
2.44E+03	6.35E-01
2.48E+03	6.45E-01
2.53E+03	6.54E-01
2.58E+03	6.63E-01
2.62E+03	6.72E-01
2.67E+03	6.80E-01
2.72E+03	6.88E-01
2.77E+03	6.96E-01
2.82E+03	7.04E-01
2.88E+03	7.11E-01
2.93E+03	7.18E-01
2.98E+03	7.24E-01
3.04E+03	7.30E-01
3.10E+03	7.36E-01
3.15E+03	7.41E-01
3.21E+03	7.46E-01
3.27E+03	7.51E-01
3.33E+03	7.55E-01
3.39E+03	7.59E-01
3.46E+03	7.62E-01
3.52E+03	7.65E-01
3.59E+03	7.68E-01
3.65E+03	7.71E-01
3.72E+03	7.73E-01
3.79E+03	7.75E-01
3.86E+03	7.77E-01
3.93E+03	7.78E-01
4.00E+03	7.79E-01
4.08E+03	7.80E-01
4.15E+03	7.81E-01
4.23E+03	7.81E-01
4.31E+03	7.82E-01
4.39E+03	7.82E-01
4.47E+03	7.82E-01
4.55E+03	7.82E-01
4.64E+03	7.81E-01
4.72E+03	7.81E-01
4.81E+03	7.80E-01
4.90E+03	7.79E-01
4.99E+03	7.78E-01
5.09E+03	7.77E-01
5.18E+03	7.76E-01
5.28E+03	7.74E-01
5.37E+03	7.73E-01
5.47E+03	7.71E-01
5.58E+03	7.69E-01
5.68E+03	7.67E-01
5.78E+03	7.65E-01
5.89E+03	7.63E-01
6.00E+03	7.61E-01
6.11E+03	7.58E-01
6.23E+03	7.56E-01
6.34E+03	7.53E-01
6.46E+03	7.50E-01
6.58E+03	7.47E-01
6.70E+03	7.44E-01
6.82E+03	7.41E-01
6.95E+03	7.38E-01
7.08E+03	7.35E-01
7.21E+03	7.32E-01
7.35E+03	7.28E-01
7.48E+03	7.25E-01
7.62E+03	7.21E-01
7.76E+03	7.17E-01
7.91E+03	7.13E-01
8.05E+03	7.09E-01
8.20E+03	7.05E-01
8.35E+03	7.01E-01
8.51E+03	6.97E-01
8.67E+03	6.93E-01
8.83E+03	6.89E-01
8.99E+03	6.84E-01
9.16E+03	6.80E-01
9.33E+03	6.75E-01
9.50E+03	6.71E-01
9.68E+03	6.66E-01
9.86E+03	6.61E-01
1.00E+04	6.57E-01
1.02E+04	6.52E-01
1.04E+04	6.47E-01
1.06E+04	6.42E-01
1.08E+04	6.37E-01
1.10E+04	6.32E-01
1.12E+04	6.27E-01
1.14E+04	6.22E-01
1.16E+04	6.17E-01
1.18E+04	6.12E-01
1.21E+04	6.07E-01
1.23E+04	6.02E-01
1.25E+04	5.97E-01
1.28E+04	5.91E-01
1.30E+04	5.86E-01
1.32E+04	5.81E-01
1.35E+04	5.76E-01
1.37E+04	5.70E-01
1.40E+04	5.65E-01
1.42E+04	5.60E-01
1.45E+04	5.55E-01
1.48E+04	5.49E-01
1.50E+04	5.44E-01
1.53E+04	5.39E-01
1.56E+04	5.34E-01
1.59E+04	5.28E-01
1.62E+04	5.23E-01
1.65E+04	5.18E-01
1.68E+04	5.12E-01
1.71E+04	5.07E-01
1.74E+04	5.02E-01
1.78E+04	4.97E-01
1.81E+04	4.91E-01
1.84E+04	4.86E-01
1.88E+04	4.81E-01
1.91E+04	4.76E-01
1.95E+04	4.70E-01
1.98E+04	4.65E-01
2.02E+04	4.60E-01
2.06E+04	4.54E-01
2.10E+04	4.49E-01
2.13E+04	4.43E-01
2.17E+04	4.37E-01
2.21E+04	4.32E-01
2.26E+04	4.26E-01
2.30E+04	4.21E-01
2.34E+04	4.15E-01
2.38E+04	4.10E-01
2.43E+04	4.04E-01
2.47E+04	3.99E-01
2.52E+04	3.93E-01
2.57E+04	3.87E-01
2.61E+04	3.82E-01
2.66E+04	3.76E-01
2.71E+04	3.70E-01
2.76E+04	3.65E-01
2.81E+04	3.59E-01
2.86E+04	3.53E-01
2.92E+04	3.47E-01
2.97E+04	3.41E-01
3.03E+04	3.36E-01
3.08E+04	3.30E-01
3.14E+04	3.24E-01
3.20E+04	3.18E-01
3.26E+04	3.13E-01
3.32E+04	3.07E-01
3.38E+04	3.01E-01
3.44E+04	2.96E-01
3.51E+04	2.90E-01
3.57E+04	2.84E-01
3.64E+04	2.79E-01
3.71E+04	2.73E-01
3.77E+04	2.68E-01
3.84E+04	2.62E-01
3.92E+04	2.57E-01
3.99E+04	2.52E-01
4.06E+04	2.47E-01
4.14E+04	2.41E-01
4.21E+04	2.36E-01
4.29E+04	2.31E-01
4.37E+04	2.26E-01
4.45E+04	2.22E-01
4.54E+04	2.17E-01
4.62E+04	2.12E-01
4.71E+04	2.08E-01
4.79E+04	2.03E-01
4.88E+04	1.99E-01
4.97E+04	1.94E-01
5.06E+04	1.90E-01
5.16E+04	1.86E-01
5.25E+04	1.82E-01
5.35E+04	1.78E-01
5.45E+04	1.74E-01
5.55E+04	1.70E-01
5.66E+04	1.66E-01
5.76E+04	1.63E-01
5.87E+04	1.59E-01
5.98E+04	1.56E-01
6.09E+04	1.52E-01
6.20E+04	1.49E-01
6.32E+04	1.46E-01
6.43E+04	1.42E-01
6.55E+04	1.39E-01
6.67E+04	1.36E-01
6.80E+04	1.33E-01
6.92E+04	1.30E-01
7.05E+04	1.27E-01
7.18E+04	1.24E-01
7.32E+04	1.22E-01
7.45E+04	1.19E-01
7.59E+04	1.16E-01
7.73E+04	1.14E-01
7.87E+04	1.11E-01
8.02E+04	1.08E-01
8.17E+04	1.06E-01
8.32E+04	1.03E-01
8.48E+04	1.00E-01
8.63E+04	9.79E-02
8.79E+04	9.54E-02
8.96E+04	9.30E-02
9.12E+04	9.05E-02
9.29E+04	8.81E-02
9.46E+04	8.57E-02
9.64E+04	8.33E-02
9.82E+04	8.10E-02
1.00E+05	7.86E-02
1.02E+05	7.64E-02
1.04E+05	7.41E-02
1.06E+05	7.19E-02
1.08E+05	6.97E-02
1.10E+05	6.75E-02
1.12E+05	6.54E-02
1.14E+05	6.33E-02
1.16E+05	6.13E-02
1.18E+05	5.93E-02
1.20E+05	5.73E-02
1.22E+05	5.54E-02
1.25E+05	5.35E-02
1.27E+05	5.17E-02
1.29E+05	4.98E-02
1.32E+05	4.80E-02
1.34E+05	4.62E-02
1.37E+05	4.46E-02
1.39E+05	4.29E-02
1.42E+05	4.14E-02
1.44E+05	3.99E-02
1.47E+05	3.85E-02
1.50E+05	3.70E-02
1.53E+05	3.57E-02
1.55E+05	3.44E-02
1.58E+05	3.31E-02
1.61E+05	3.19E-02
1.64E+05	3.08E-02
1.67E+05	2.96E-02
1.70E+05	2.86E-02
1.74E+05	2.75E-02
1.77E+05	2.65E-02
1.80E+05	2.55E-02
1.83E+05	2.46E-02
1.87E+05	2.37E-02
1.90E+05	2.28E-02
1.94E+05	2.20E-02
1.97E+05	2.12E-02
2.01E+05	2.05E-02
2.05E+05	1.98E-02
2.09E+05	1.90E-02
2.13E+05	1.83E-02
2.17E+05	1.77E-02
2.21E+05	1.70E-02
2.25E+05	1.64E-02
2.29E+05	1.58E-02
2.33E+05	1.52E-02
2.37E+05	1.47E-02
2.42E+05	1.41E-02
2.46E+05	1.36E-02
2.51E+05	1.31E-02
2.55E+05	1.26E-02
2.60E+05	1.21E-02
2.65E+05	1.17E-02
2.70E+05	1.12E-02
2.75E+05	1.08E-02
2.80E+05	1.04E-02
2.85E+05	9.97E-03
2.91E+05	9.57E-03
2.96E+05	9.17E-03
3.01E+05	8.80E-03
3.07E+05	8.44E-03
3.13E+05	8.08E-03
3.19E+05	7.76E-03
3.24E+05	7.44E-03
3.30E+05	7.11E-03
3.37E+05	6.78E-03
3.43E+05	6.46E-03
3.49E+05	6.14E-03
3.56E+05	5.84E-03
3.62E+05	5.54E-03
3.69E+05	5.27E-03
3.76E+05	4.99E-03
3.83E+05	4.72E-03
3.90E+05	4.44E-03
3.97E+05	4.17E-03
4.05E+05	3.92E-03
4.12E+05	3.67E-03
4.20E+05	3.44E-03
4.28E+05	3.20E-03
4.35E+05	2.96E-03
4.44E+05	2.74E-03
4.52E+05	2.52E-03
4.60E+05	2.29E-03
4.69E+05	2.07E-03
4.77E+05	1.85E-03
4.86E+05	1.64E-03
4.95E+05	1.43E-03
5.04E+05	1.23E-03
5.14E+05	1.03E-03
5.23E+05	8.28E-04
5.33E+05	6.10E-04
5.43E+05	3.98E-04
5.53E+05	1.89E-04
5.63E+05	0.00E+00
